$ANSIBLE_VAULT;1.1;AES256
30376137326433653030636630643132343538353438643764663438653166376662616434653735
3566323034396434343963343564306132653838643330390a623331313035633166383831626366
65326436383831306366636238366238333131323537323738613362346637386663356331313135
3635343064626563330a626665663337323365643231343834613137353264343234633030623830
35323362356434653931653134343339353861626634313161373638383138313663303535353431
36643566313035363433353437396633313762653965653133393066386131303735613138333837
61346432633032333363393164396432643033623633326166633433376234356136626163313033
33666361373430343330613333613534353431353736353234356430653433663637636431393361
64623139393230336335656265666165393233366162616462313430323832373061353133313165
66383439633865666636623532376337326461346638393666663834636233623065346439613232
36636265366437623539316563666161343962353237326132623733313365643662353132326635
35653063666366663265
